 567303.424124512 4660678.58315343
 568137.88195459 4661225.16614076
 568705.810513397 4661762.45603847
 569065.431345794 4662136.00745015
 569098.971013124 4662192.54954309
 569423.636881592 4662838.96002928
 569878.376284431 4664410.86953437
 570388.472944228 4665343.0948038
 571027.285672046 4666618.04716006
 571038.656055508 4666664.53907088
 571061.656679791 4666687.89983968
 571868.857256094 4667589.54437912
 572459.949383797 4668178.37822045
 572806.674460683 4668345.70439281
 573369.374025388 4668626.28262569
 574197.201016283 4668780.05101796
 575339.238684628 4668858.48651357
 575777.117833412 4668838.13695575
 576030.074027412 4668724.11474707
 576086.569788774 4668516.53084514
 575970.354673412 4668296.60387968
 575853.904537126 4667984.94634762
 575808.773253209 4668249.28649612
 575762.048341246 4668374.99396795
 575624.113068965 4668259.20800256
 575600.73185051 4668442.7714286
 575485.753504206 4668246.59135371
 575462.839848867 4668212.01647096
 575348.631257949 4668119.83151699
 575418.260788368 4668327.66999951
 575453.260834888 4668477.85667986
 575419.053152187 4668581.54957826
 575395.776648746 4668500.57623245
 575372.616497401 4668454.26618916
 575291.767054174 4668349.92793597
 575223.101633819 4668499.47594832
 574958.444522716 4668567.06357792
 575038.55183574 4668302.19579667
 575267.649247242 4667923.71557054
 575541.674251367 4667420.36443924
 575553.065622067 4667397.51814317
 575906.464646159 4666930.67717944
 575344.442103239 4666619.02230034
 575162.468068222 4667108.85694184
 575436.741156855 4666870.60721365
 575346.384049796 4667316.02080234
 575013.639268621 4667187.99248502
 574486.393953908 4667562.72889266
 574257.218824012 4667160.32846543
 574349.011850651 4666932.2663919
 574612.36681099 4666853.9850419
 573994.511601662 4666644.72049885
 572965.499285614 4666524.27045842
 572689.272893256 4666819.03989735
 572391.42420189 4666851.41735847
 572252.435489769 4667067.64008153
 571715.4670166 4666904.26988506
 571557.713654088 4666697.63682261
 572106.85342244 4666644.24545883
 572575.894363085 4666658.03052046
 572519.670557624 4666498.68149808
 571765.400989305 4666448.38075179
 571390.222784378 4666241.17768617
 571367.726219209 4666206.92261634
 571088.937481529 4665603.76062381
 570796.798205995 4665251.25131213
 570457.692346207 4665057.1393044
 570114.98551484 4664356.90024076
 570080.490748958 4663968.86100345
 570169.756557005 4663707.11366831
 570147.738819855 4663662.23820061
 569980.134266089 4663504.70919237
 569585.154792112 4662722.18823774
 569381.853935771 4662247.78579313
 569477.581639984 4662086.28810439
 570997.899535778 4662812.92749833
 572877.151051673 4663804.5443178
 574871.401434458 4664883.14606052
 576985.595216671 4665844.75883376
 578187.738088566 4666511.24958025
 579366.457123886 4667294.90671371
 579364.649730589 4660678.58315343
 567303.424124512 4660678.58315343
